0.6618994005
3.676637911
3.853257245
2.937624453
3.650756595
1.340443481
4.843316448
2.713543187
0.445360368
1.056166744
2.474672011
3.691100796
0.4988284046
4.266197795
0.05827225584
1.25009268
2.327436873
1.159862641
0.5564750583
0.8495665401
1.588083206
0.4233580038
0.9654379293
2.861759688
0.6259646286
1.026287774
0.9568479508
2.115659548
3.672630575
0.4218277667
4.626964312
1.868921969
4.444207145
2.549821612
3.683889356
2.961539245
4.133326517
4.401694349
0.7189194504
3.818329536
1.780912915
4.852718398
3.496274736
0.7730247535
4.079332871
0.5431492404
0.3605701226
4.741354458
4.177247525
4.625256635
