3.169916117
1.505987217
2.914769436
0.5383811759
3.99204249
4.375684034
3.23834841
0.2753459993
4.692809574
0.2898069638
1.245724891
1.875589452
2.067646441
0.8259211022
4.709869288
0.6402167803
3.776944153
3.200777131
1.533077315
0.5785944426
4.777741829
4.12073982
0.7609869363
1.964451349
2.313813809
3.689091257
4.378267801
4.869211958
3.619386025
3.114572775
4.210463944
1.890209987
4.493408759
3.94380429
4.54399033
2.107051031
0.3529338596
4.537613134
3.063693933
3.751690879
2.902016727
4.972612116
0.8293370672
3.544114579
0.8335143805
0.3966545145
3.170385755
2.757403723
3.861368155
0.2744125788
